

DATA MEMORY
+----------------+
| Addr | Data     |
+----------------+
| 0    | 1        |
| 1    | 2        |
| 2    | 3        |
| 3    | 4        |
| 4    | 1        |
| 5    | 2        |
| 6    | 3        |
| 7    | 4        |
| 8    | 0        |
| 9    | 0        |
| 10   | 0        |
| 11   | 0        |
+----------------+
Completed in 491 cycles


DATA MEMORY
+----------------+
| Addr | Data     |
+----------------+
| 0    | 1        |
| 1    | 2        |
| 2    | 3        |
| 3    | 4        |
| 4    | 1        |
| 5    | 2        |
| 6    | 3        |
| 7    | 4        |
| 8    | 7        |
| 9    | 10       |
| 10   | 15       |
| 11   | 22       |
+----------------+
