0 0 0 5 21716
0 0 0 5 40322
1 1 0 5 14324
1 1 0 1 11
1 0 0 4 2336
1 0 0 7 32293
1 0 0 5 59920
1 0 0 1 1
1 1 0 0 2246
1 0 1 4 25765
1 1 0 5 1633
1 0 0 6 29989
1 1 0 4 28003
1 0 1 2 1
1 0 0 7 3219
1 0 0 5 33723
1 1 0 0 22297
1 1 1 7 33167
1 0 0 6 45772
1 0 0 0 56353
1 1 0 0 60465
1 1 1 5 34558
1 0 1 7 51363
1 0 0 2 7
1 0 0 6 25497
1 0 0 6 20852
1 0 0 5 5160
1 1 0 6 40231
1 0 0 5 52742
1 0 0 4 57680
1 1 0 6 18883
1 0 0 3 0
1 0 1 0 44891
1 1 0 7 50955
1 0 1 6 25631
1 0 1 3 0
1 1 0 3 0
1 1 0 1 4
1 1 0 0 65046
1 1 1 7 10529
1 0 0 7 59972
1 0 1 3 0
1 1 0 0 57757
1 1 0 4 41002
1 1 0 1 5
1 1 1 4 25394
1 1 1 1 5
1 1 0 3 0
1 1 0 6 43030
1 0 0 3 0
1 1 0 2 11
1 1 0 0 32052
1 1 0 1 12
1 0 0 4 20436
1 0 1 6 39241
1 1 1 5 1689
1 0 1 0 49032
1 0 0 6 62016
1 1 0 2 6
1 1 1 2 13
1 1 0 1 7
1 1 0 6 40036
1 1 0 5 36899
1 1 0 7 48075
1 0 0 5 43328
1 0 0 0 8115
1 1 0 0 52296
1 1 0 6 59831
1 1 0 7 27942
1 1 0 5 48730
1 1 1 3 0
1 1 0 4 50649
1 1 1 3 0
1 0 0 4 11242
1 0 0 4 19827
1 0 0 2 5
1 1 0 0 31098
1 0 1 3 0
1 0 0 6 52910
1 1 0 5 28385
1 0 0 0 31775
1 1 0 4 42495
1 0 0 4 55111
1 1 0 4 36109
1 1 0 0 18327
1 1 0 5 22182
1 0 0 0 57666
1 1 1 6 40681
1 1 0 6 59363
1 0 0 6 49619
1 0 1 4 43350
1 1 0 4 32830
1 1 0 2 11
1 0 1 1 4
1 1 0 5 56871
1 1 0 4 12223
1 1 0 7 4003
1 1 0 3 0
1 1 1 0 7263
1 0 0 0 41627
1 0 0 5 32396
1 1 0 5 40354
1 0 0 5 23468
1 1 0 6 13134
1 1 0 7 9435
1 1 0 2 12
1 1 0 5 33548
1 1 1 4 41099
1 1 0 3 0
1 1 0 0 30463
1 1 0 7 37004
1 0 1 0 41199
1 0 0 0 30763
1 0 0 7 24544
1 1 0 4 38992
1 1 0 4 51937
1 1 0 6 56988
1 1 0 1 12
1 1 0 3 0
1 1 1 7 28682
1 0 1 4 8975
1 0 0 1 6
1 0 0 3 0
1 1 0 1 1
1 0 1 3 0
1 1 0 7 6611
1 1 0 5 17348
1 1 0 4 40984
1 1 0 4 13748
1 1 1 0 4221
1 0 0 4 36271
1 1 0 3 0
1 0 1 2 11
1 0 0 1 5
1 0 0 6 32932
1 1 0 3 0
1 1 0 4 49738
1 1 0 4 23896
1 1 0 7 59914
1 1 0 7 17246
1 1 0 0 41166
1 1 1 2 9
1 0 0 2 8
1 1 0 2 10
1 1 0 0 48684
1 1 0 5 62861
1 1 0 3 0
1 1 0 4 62964
1 0 0 0 33686
1 0 0 0 22510
1 1 0 5 6822
1 0 1 3 0
1 1 0 5 53835
1 1 0 0 46013
1 0 1 7 43778
1 0 0 1 9
1 1 1 4 63338
1 1 0 3 0
1 1 0 0 58979
1 0 0 6 45317
1 1 1 4 13115
1 1 0 0 29184
1 1 0 1 3
1 1 1 3 0
1 0 0 7 42508
1 1 0 1 10
1 1 0 0 199
1 1 0 4 46099
1 0 0 6 18730
1 1 0 0 30504
1 0 0 4 2574
1 0 1 7 57016
1 1 0 6 43942
1 1 0 1 5
1 1 0 1 13
1 0 0 2 5
1 1 1 3 0
1 0 0 6 14720
1 1 0 3 0
1 0 0 7 42517
1 0 0 1 13
1 0 1 0 14701
1 0 0 5 21636
1 0 0 6 36194
1 1 1 5 30566
1 1 0 0 62670
1 1 0 1 4
1 1 0 2 13
1 1 0 0 11733
1 0 0 2 7
1 1 0 3 0
1 0 0 2 7
1 1 0 0 35387
1 1 0 7 3795
1 0 0 5 12671
1 1 0 1 2
1 1 0 4 36070
1 0 0 3 0
1 1 0 1 7
1 0 0 4 33783
1 1 0 3 0
1 1 0 2 2
1 1 1 7 7107
1 0 0 5 677
1 0 0 6 7305
1 1 0 6 42311
1 0 0 4 41776
1 1 1 2 10
1 1 0 1 3
1 1 1 2 12
1 0 0 1 7
1 0 0 6 55818
1 0 0 6 24050
1 1 0 5 18791
1 0 0 3 0
1 1 1 5 60100
1 1 1 3 0
1 0 0 6 36562
1 1 0 3 0
1 0 0 1 13
1 1 0 2 14
1 1 1 7 35763
1 0 0 2 8
1 1 0 5 16648
1 0 0 5 38746
1 0 0 7 49049
1 1 0 4 45607
1 1 0 2 6
1 1 1 1 7
1 1 0 5 55363
1 1 0 3 0
1 1 0 4 61540
1 1 0 1 5
1 0 0 3 0
1 1 0 1 2
1 1 0 6 14004
1 0 0 0 51058
1 0 1 0 23526
1 0 1 5 20870
1 1 0 7 38204
1 1 0 2 13
1 1 0 5 14399
1 1 0 2 4
1 1 0 0 36044
1 0 1 4 54368
1 1 0 1 13
1 1 0 1 10
1 0 0 3 0
1 0 0 6 43314
1 1 0 1 1
1 0 1 2 1
1 1 0 0 713
1 0 0 5 25507
1 1 1 1 7
1 1 0 7 11728
1 0 0 2 13
1 1 0 6 51018
1 1 0 5 786
1 1 0 2 11
1 0 0 6 21004
1 0 0 6 55005
1 0 1 4 38583
1 1 1 7 55191
1 0 0 2 3
1 1 0 1 2
1 1 0 7 36828
1 0 1 1 0
1 1 0 1 14
1 1 0 0 45193
1 1 0 5 33854
1 1 1 6 5270
1 1 1 4 20599
1 0 1 1 9
1 1 0 3 0
1 0 0 7 1766
1 0 0 3 0
1 0 0 4 42797
1 0 0 0 5123
1 1 0 4 46572
1 1 0 5 46437
1 0 0 4 19885
1 1 0 3 0
1 0 0 1 11
1 1 0 7 45279
1 0 0 4 31686
1 1 0 6 64683
1 0 0 0 14450
1 1 0 6 18358
1 0 0 0 19241
1 0 0 3 0
1 1 0 3 0
1 0 0 5 19997
1 1 0 3 0
1 1 0 6 21988
1 0 0 0 24292
1 1 0 4 5587
1 0 0 3 0
1 1 0 0 3359
1 0 0 6 41083
1 1 1 0 50517
1 1 0 7 41070
1 1 0 4 42293
1 0 0 1 5
1 1 1 1 3
1 1 0 4 33482
1 0 0 7 36480
1 0 0 5 1702
1 0 0 7 23734
1 0 0 1 4
1 1 0 1 2
1 0 0 3 0
1 0 0 1 13
1 0 0 6 36508
1 0 0 1 6
1 0 0 7 42622
1 1 0 3 0
1 1 0 1 2
1 0 0 2 12
1 1 0 1 8
1 0 0 5 21439
1 1 1 7 10718
1 1 0 5 8912
1 1 0 1 12
1 1 0 2 2
1 1 0 0 30433
1 1 0 3 0
1 0 0 6 23677
1 1 1 4 29277
1 1 0 5 22564
1 1 0 7 60265
1 1 1 7 56795
1 1 0 5 15790
1 0 1 0 14670
1 1 0 5 4304
1 1 1 1 3
1 1 0 7 15888
1 0 0 5 7468
1 0 0 0 16729
1 0 0 7 42108
1 1 0 1 12
1 0 1 3 0
1 0 1 0 64575
1 0 0 0 56154
1 1 1 7 7670
1 1 0 2 10
1 1 0 2 10
1 0 0 4 42366
1 1 0 1 8
1 1 0 7 18547
1 0 0 5 44148
1 0 0 4 48227
1 0 0 5 872
1 1 0 4 3699
1 0 0 5 33720
1 1 0 2 3
1 0 1 4 58173
1 0 0 2 13
1 1 0 7 58075
1 1 1 1 0
1 1 1 1 15
1 1 0 7 11040
1 1 0 5 55062
1 1 0 6 42128
1 0 0 3 0
1 0 0 0 13361
1 1 0 7 56350
1 1 0 2 3
1 1 0 4 59095
1 1 0 1 5
1 0 0 0 51474
1 0 1 3 0
1 0 0 7 53929
1 1 1 1 7
1 1 0 6 8210
1 1 0 7 24571
1 0 0 0 42478
1 1 1 2 9
1 1 1 0 7785
1 0 0 0 40968
1 1 0 3 0
1 1 0 5 22520
1 1 0 1 9
1 1 0 3 0
1 0 0 0 20779
1 0 0 7 1448
1 1 0 7 33711
1 1 1 0 6765
1 0 0 0 20049
1 1 0 1 14
1 0 1 4 24047
1 1 1 3 0
1 0 0 3 0
1 1 0 5 13622
1 1 0 1 8
1 1 1 1 6
1 0 0 1 14
1 1 0 2 0
1 1 0 2 11
1 1 0 1 10
1 0 0 2 11
1 0 0 4 44764
1 1 1 0 36116
1 0 0 4 49190
1 0 0 4 5820
1 1 1 1 8
1 1 0 5 11947
1 0 0 1 0
1 0 1 3 0
1 1 0 3 0
1 0 0 0 62522
1 1 0 5 27294
1 1 1 0 24053
1 1 0 6 55965
1 0 1 6 42295
1 0 0 5 26
1 0 0 6 24840
1 1 0 1 4
1 1 0 3 0
1 1 1 2 5
1 1 0 6 16399
1 1 0 4 20049
1 1 0 2 6
1 1 0 7 33835
1 1 1 6 64825
1 0 1 7 46998
1 1 0 3 0
1 1 0 3 0
1 0 0 0 19958
1 1 0 7 24253
1 0 0 4 62298
1 1 0 0 47622
1 1 0 4 5292
1 0 1 7 8592
1 1 0 1 9
1 1 0 3 0
1 1 0 1 8
1 1 0 5 43079
1 0 0 1 11
1 1 0 7 21661
1 0 0 6 19798
1 1 0 3 0
1 0 0 4 12980
1 1 0 4 32863
1 1 0 3 0
1 1 0 7 24127
1 1 0 1 6
1 0 1 1 8
1 0 1 6 40079
1 0 0 7 54835
1 0 0 4 27407
1 1 0 1 12
1 1 0 5 45077
1 0 0 7 39485
1 0 0 0 32660
1 1 0 7 56479
1 0 0 5 26190
1 0 0 3 0
1 0 0 1 8
1 0 1 5 33326
1 0 0 2 2
1 1 0 0 33023
1 1 0 5 45091
1 1 0 0 19335
1 1 0 1 15
1 1 0 4 62538
1 1 0 6 63071
1 1 0 1 7
1 1 0 1 0
1 1 1 5 6373
1 1 1 7 16911
1 0 1 1 11
1 0 0 2 3
1 1 0 5 54375
1 1 0 6 29939
1 1 0 3 0
1 0 0 5 8405
1 0 0 4 38219
1 0 0 3 0
1 0 1 2 10
1 1 0 7 53646
1 1 0 6 13009
1 1 0 4 40477
1 1 0 2 9
1 0 0 0 23509
1 1 0 1 0
1 1 0 0 8990
1 0 0 3 0
1 1 0 2 5
1 1 0 7 3548
1 0 0 1 15
1 1 1 4 16127
1 1 0 2 13
1 1 1 3 0
1 1 0 2 5
1 1 1 3 0
1 1 0 4 63921
1 0 0 3 0
1 1 0 0 44755
1 1 0 1 5
1 0 0 7 39794
1 0 0 6 64547
1 0 0 3 0
1 0 0 6 50765
1 1 0 1 10
1 1 0 1 8
1 0 0 0 19196
1 1 0 0 19684
1 0 0 4 50337
1 0 1 4 35483
1 1 0 2 4
1 1 0 2 6
1 1 1 7 59476
1 0 0 6 29131
1 1 1 0 63924
1 0 0 6 44891
1 0 0 5 11726
1 0 0 5 23584
1 1 0 3 0
1 1 0 3 0
1 1 0 1 4
1 1 0 0 18318
1 1 0 2 13
1 0 0 6 51779
1 1 1 2 2
1 1 1 5 42352
1 0 1 5 5179
1 1 0 3 0
1 0 1 3 0
1 0 0 4 29011
1 1 0 0 52666
1 0 1 7 37844
1 1 0 0 14804
1 0 0 3 0
1 0 1 0 42344
1 0 0 0 41394
1 1 0 3 0
1 1 0 1 11
1 1 0 2 2
1 0 0 0 13806
1 1 0 4 57148
1 1 0 1 12
1 1 0 1 10
1 1 1 3 0
1 0 0 7 23712
1 1 1 5 26116
1 0 0 4 32764
1 1 1 5 18627
1 1 0 4 29375
1 1 0 0 60576
1 1 0 0 9033
1 0 0 5 48092
1 0 1 6 42571
1 1 0 6 57729
1 0 0 6 6339
1 1 1 5 45493
1 1 1 1 12
1 0 0 4 10939
1 1 1 5 34717
1 1 0 4 32796
1 1 0 5 52866
1 1 0 4 641
1 0 0 0 56001
1 0 0 2 15
1 0 0 6 3283
1 0 0 7 53257
1 1 0 5 17833
1 1 0 0 22604
1 1 0 6 51104
1 1 0 1 15
1 1 0 1 2
1 0 0 4 4959
1 1 0 6 6748
1 1 0 6 16444
1 0 1 0 24295
1 0 0 7 9225
1 1 0 5 55805
1 1 1 7 2458
1 1 0 1 2
1 0 0 3 0
1 1 0 5 43641
1 1 1 5 61135
1 1 1 3 0
1 0 0 7 62587
1 0 0 7 19710
1 1 0 2 7
1 0 1 3 0
1 1 0 5 40578
1 0 0 6 46718
1 0 1 3 0
1 0 1 2 9
1 1 1 3 0
1 0 0 6 38406
1 1 0 4 21562
1 1 0 4 49752
1 0 0 4 51319
1 0 0 5 29216
1 0 1 7 7783
1 1 0 1 4
1 1 1 4 21016
1 1 0 3 0
1 1 0 4 26194
1 1 0 5 24151
1 1 0 2 13
1 1 0 3 0
1 1 0 5 55709
1 1 0 1 5
1 0 0 6 18103
1 1 0 2 0
1 0 0 0 21292
1 0 0 5 62718
1 1 0 0 15721
1 1 0 0 28789
1 1 0 0 32273
1 1 0 5 52469
1 0 0 2 0
1 0 0 2 11
1 0 1 2 15
1 1 1 7 31776
1 1 0 4 47593
1 1 0 3 0
1 1 1 5 49915
1 1 0 0 35070
1 0 0 1 14
1 1 0 0 35911
1 1 1 3 0
1 0 0 5 6908
1 1 1 5 46410
1 1 0 1 15
1 1 0 0 26334
1 1 0 3 0
1 0 0 4 46414
1 0 1 6 16355
1 1 0 0 51169
1 1 0 4 17627
1 1 1 6 8319
1 1 0 0 8197
1 0 1 5 10209
1 0 0 5 40988
1 0 0 6 65421
1 0 0 4 7103
1 0 1 6 17873
1 1 0 2 13
1 1 1 1 1
1 0 0 5 36361
1 1 1 7 23047
1 1 0 6 18812
1 1 0 6 29296
1 1 0 2 4
1 0 1 7 39199
1 1 0 4 55534
1 1 0 1 4
1 1 1 0 21561
1 1 0 0 3663
1 0 0 5 20154
1 1 0 3 0
1 0 0 7 53340
1 1 0 0 59541
1 0 1 2 5
1 1 0 4 9976
1 1 0 1 3
1 1 0 7 17273
1 1 0 3 0
1 0 0 2 13
1 1 0 3 0
1 1 0 2 0
1 1 0 0 19238
1 0 0 6 51122
1 1 0 7 49244
1 1 0 3 0
1 0 0 7 23393
1 0 1 3 0
1 0 0 6 14958
1 1 0 0 65481
1 0 0 2 11
1 1 1 6 14991
1 1 0 2 11
1 1 0 4 21973
1 1 0 1 13
1 1 0 2 1
1 0 0 2 14
1 0 0 6 12850
1 0 0 7 28530
1 0 0 5 38249
1 1 0 3 0
1 0 0 1 1
1 1 0 1 1
1 0 0 1 6
1 0 0 4 11768
1 0 1 1 15
1 1 0 0 7754
1 1 0 6 39441
1 1 0 7 40044
1 0 0 0 65301
1 1 0 7 60911
1 1 1 3 0
1 0 0 1 7
1 0 0 5 34885
1 0 0 6 2450
1 0 1 7 5766
1 1 1 2 7
1 1 0 0 13702
1 0 0 1 11
1 1 0 1 15
1 0 0 5 42353
1 0 1 3 0
1 1 0 0 63736
1 0 0 3 0
1 0 0 5 31493
1 1 1 0 62824
1 1 0 0 23182
1 1 1 3 0
1 1 0 2 7
1 1 1 0 9292
1 0 1 3 0
1 1 0 2 3
1 0 0 2 5
1 1 0 2 11
1 0 0 7 31008
1 1 0 1 12
1 1 0 2 6
1 1 0 0 43706
1 0 0 7 36965
1 1 0 0 29139
1 1 0 2 6
1 0 0 2 14
1 1 0 1 11
1 1 0 7 24300
1 0 0 4 50695
1 1 0 0 46049
1 1 0 4 40251
1 1 0 2 0
0 0 1 0 48374
1 0 0 7 63574
1 1 0 1 11
1 0 0 0 49323
1 0 0 2 14
1 0 0 3 0
1 1 0 5 64321
1 1 0 2 2
1 1 0 5 12449
1 1 0 4 19033
1 0 0 3 0
1 0 0 3 0
1 0 0 5 10001
1 1 0 4 52028
1 1 0 0 58325
1 0 0 1 12
1 0 0 6 62932
1 0 0 1 13
1 0 1 7 52821
1 0 0 3 0
1 1 0 3 0
1 1 0 3 0
1 1 0 3 0
1 0 0 1 6
1 1 0 4 21409
1 1 0 4 49873
1 1 0 1 11
1 1 0 2 12
1 1 0 7 16853
1 1 1 4 51329
1 0 1 1 10
1 1 0 7 63133
1 0 0 5 1996
1 1 0 4 33463
1 0 0 3 0
1 1 0 7 50239
1 0 1 7 44455
1 0 1 3 0
1 0 0 3 0
1 1 0 0 54079
1 1 0 0 37463
1 0 0 4 29643
1 0 1 4 41028
1 1 0 1 8
1 1 1 2 9
1 0 0 2 13
1 0 0 0 53699
1 0 0 7 43251
1 1 0 4 29484
1 0 0 3 0
1 1 0 0 3330
1 1 1 0 31992
1 1 0 1 6
1 0 0 0 12774
1 1 0 7 29127
1 1 0 5 24816
1 0 0 1 15
1 1 0 4 15624
1 1 0 3 0
1 1 1 7 46914
1 1 0 6 57119
1 0 0 0 22467
1 0 1 3 0
1 1 1 5 57612
1 1 0 7 23351
1 0 0 6 49255
1 1 0 4 12375
1 0 0 1 15
1 1 0 3 0
1 1 0 0 61205
1 1 0 7 42099
1 1 0 6 61660
1 0 0 2 9
1 0 0 2 14
1 1 0 7 63479
1 0 0 5 39612
1 1 0 3 0
1 0 0 6 65298
1 1 0 0 10656
1 0 0 2 11
1 1 0 2 10
1 0 0 1 10
1 0 0 1 8
1 1 1 2 12
1 1 0 3 0
1 0 0 1 10
1 1 0 1 15
1 1 0 0 17518
1 1 1 1 2
1 1 0 4 49434
1 0 0 4 55447
1 1 0 7 1783
1 0 0 6 51944
1 1 1 4 12746
1 0 0 6 42887
1 0 0 7 6933
1 0 0 3 0
1 0 0 7 9954
1 0 0 0 16421
1 1 0 6 44577
1 1 0 2 6
1 1 0 0 62184
1 0 0 4 27006
1 0 1 5 11017
1 1 0 7 18600
1 0 0 6 35979
1 0 0 2 4
1 0 0 1 13
1 1 0 5 940
1 1 1 3 0
1 1 0 4 48631
1 1 0 4 57396
1 1 0 6 20178
1 1 0 1 7
1 1 0 7 6045
1 0 0 7 24934
1 0 1 5 43485
1 0 0 3 0
1 1 0 7 51080
1 1 1 4 25947
1 0 0 3 0
1 1 1 2 9
1 0 1 4 21789
1 1 1 3 0
1 1 0 2 5
1 0 1 0 40843
1 0 1 2 5
1 1 0 3 0
1 0 0 4 63881
1 1 0 4 17870
1 0 1 0 19560
1 0 0 3 0
1 1 1 2 8
1 0 0 2 10
1 0 1 4 29818
1 1 0 0 40408
1 1 0 6 44916
1 1 0 0 50250
1 0 1 4 44688
1 1 0 0 2573
1 0 0 7 60257
1 0 0 4 49283
1 0 0 0 34949
1 0 0 3 0
1 1 0 7 63526
1 1 0 1 0
1 1 0 2 9
1 1 0 5 6338
1 0 0 4 52798
1 0 0 1 2
1 1 1 3 0
1 0 0 3 0
1 1 0 0 23423
1 0 1 0 55378
1 1 0 2 6
1 1 0 0 18532
1 1 0 2 2
1 1 0 4 24242
1 1 1 0 42503
1 1 0 6 24799
1 1 1 3 0
1 0 0 3 0
1 0 0 2 10
1 0 0 1 6
1 0 0 2 11
1 0 0 2 4
1 0 0 3 0
1 1 0 1 6
1 1 0 2 14
1 1 0 1 8
1 1 0 7 41164
1 1 0 6 1215
1 0 0 5 65358
1 0 0 3 0
1 0 0 4 11724
1 1 0 3 0
1 0 0 2 13
1 0 0 6 30689
1 1 0 5 54807
1 1 0 4 57108
1 0 1 4 20752
1 1 0 7 2097
1 1 1 1 3
1 0 0 3 0
1 0 0 3 0
1 1 0 6 23242
1 0 0 3 0
1 0 0 0 49590
1 1 0 3 0
1 0 0 7 37248
1 0 1 5 14144
1 1 0 3 0
1 1 0 3 0
1 1 0 2 11
1 0 0 2 13
1 0 0 3 0
1 1 0 3 0
1 1 0 1 7
1 1 0 1 1
1 1 1 4 17362
1 0 0 6 10693
1 0 0 4 51256
1 0 1 7 37487
1 0 0 5 33433
1 1 0 6 1093
1 1 0 2 7
1 1 0 3 0
1 1 0 6 52213
1 0 0 4 3451
1 0 1 0 52540
1 1 0 3 0
1 1 1 3 0
1 0 0 6 65238
1 1 0 3 0
1 1 0 6 31128
1 1 0 7 29158
1 0 0 0 63763
1 0 0 3 0
1 1 0 1 8
1 0 0 1 1
1 0 0 6 20961
1 1 0 5 38577
1 1 1 4 4317
1 0 1 7 62015
1 0 0 1 2
1 1 0 6 10216
1 0 0 0 33326
1 1 0 4 8325
1 0 0 6 456
1 1 0 1 15
1 1 0 5 44171
1 0 0 3 0
1 1 0 2 11
1 1 0 6 548
1 0 0 5 35200
1 1 1 2 12
1 0 0 1 8
1 0 0 4 16119
1 0 0 1 7
1 1 1 5 12862
1 1 0 6 9052
1 1 1 0 59848
1 1 1 7 1863
1 1 0 6 42672
1 1 1 4 30841
1 0 0 2 1
1 0 0 2 1
1 0 0 4 46891
1 0 1 6 7047
1 0 0 5 44351
1 0 0 0 21888
1 1 1 2 3
1 1 0 4 9492
1 1 1 3 0
1 0 0 2 0
1 1 0 0 42122
1 0 0 4 31712
1 0 1 1 7
1 0 0 2 1
1 1 1 6 38167
1 1 1 0 41953
1 1 1 0 27702
1 1 0 5 64480
1 1 0 1 4
1 1 0 5 9647
1 1 0 0 32838
1 1 0 2 6
1 0 0 5 22632
1 0 0 3 0
1 1 1 4 7914
1 0 0 6 63659
1 1 0 7 56385
1 0 0 6 38936
1 0 0 6 11341
1 0 0 6 30283
1 1 0 6 16280
1 1 0 0 45263
1 1 0 3 0
1 1 0 0 45574
1 0 0 1 4
1 0 1 6 49478
1 1 0 1 10
1 1 0 1 11
1 1 0 3 0
1 1 1 2 10
1 1 0 4 44551
1 1 1 4 34409
1 1 0 6 25281
1 1 0 5 24190
1 0 1 0 30773
1 1 0 5 10765
1 0 0 1 7
1 1 0 6 1198
1 0 0 0 48492
1 1 0 0 61636
1 1 0 1 7
1 1 0 6 5215
1 1 0 3 0
1 1 0 5 55429
1 0 0 5 32796
1 0 0 4 47775
1 0 0 6 5631
1 1 1 4 4773
1 1 0 6 21610
1 1 0 2 2
1 1 0 2 5
1 1 0 1 7
1 0 0 6 55103
1 0 1 2 7
1 1 0 3 0
1 0 1 3 0
1 1 1 2 2
1 1 0 3 0
1 0 0 1 10
1 1 1 7 34394
1 1 0 6 22942
1 0 1 3 0
1 1 0 7 5235
1 1 0 5 27468
1 1 0 4 25703
1 1 0 4 19611
1 1 0 4 41291
1 1 0 7 48552
1 0 0 7 41692
1 0 0 4 18561
1 0 0 0 45826
1 1 0 6 60444
1 0 1 3 0
1 0 0 0 49880
1 0 0 1 0
1 1 1 2 8
1 1 0 2 1
1 0 0 5 54649
1 1 0 1 7
1 1 1 2 8
1 0 0 6 19931
1 1 0 4 10487
1 1 0 6 57801
1 1 0 2 3
1 1 0 3 0
1 1 0 6 6226
1 0 0 5 18585
1 1 0 2 1
1 0 0 2 11
1 1 0 5 62885
1 1 0 3 0
1 1 0 7 19084
1 1 1 6 43357
1 0 0 6 59916
1 1 0 3 0
1 1 0 5 63536
1 1 0 2 2
1 1 0 5 18237
1 0 0 2 4
1 1 0 4 5097
1 1 0 1 13
1 0 0 7 37256
1 1 0 2 7
1 0 0 2 5
1 0 0 6 13640
1 1 0 7 53047
1 0 0 4 32553
1 1 1 5 10622
1 1 1 6 1619
1 1 0 2 14
1 1 0 4 38656
1 1 0 5 3349
1 1 1 1 9
1 0 1 1 0
1 1 1 5 10583
1 1 1 1 2
1 1 0 7 31304
1 0 1 7 56210
1 1 0 1 2
1 1 1 5 35810
1 1 0 0 48788
1 1 0 3 0
1 1 0 2 10
1 1 0 6 48754
1 0 1 4 24908
1 1 0 2 7
1 1 0 2 10
1 1 1 6 5628
1 0 0 3 0
1 0 1 0 57099
1 0 0 5 9439
1 1 0 7 58306
1 0 0 1 4
1 1 0 0 18116
1 0 0 4 45565
1 0 0 6 61321
1 1 0 7 29536
1 0 1 7 24777
1 1 0 6 2664
1 0 1 3 0
1 1 0 0 49253
1 1 1 4 37561
1 0 0 5 31114
1 1 1 2 11
1 0 1 4 34125
1 1 0 2 9
1 1 0 7 20096
1 1 0 5 17403
1 0 0 5 12396
1 1 1 2 3
1 0 0 4 36148
1 1 0 6 7285
1 1 0 5 33299
1 1 0 1 14
1 0 1 7 51886
1 1 0 6 10681
1 1 1 2 6
1 0 0 4 63398
1 1 0 7 6132
1 1 0 5 48159
1 1 0 2 11
1 0 0 3 0
1 0 0 6 20137
1 1 0 6 11616
1 0 1 0 51182
1 0 0 2 1
1 0 0 7 29636
1 0 0 4 63177
1 1 1 1 12
1 0 0 6 17383
1 0 1 7 51512
1 1 0 3 0
1 1 0 0 40866
1 0 0 5 46639
1 0 0 0 44581
1 1 0 7 15036
1 1 0 1 11
1 1 0 3 0
1 1 0 6 26749
1 1 0 4 1751
1 1 0 7 48929
1 1 0 1 9
1 1 1 5 15542
1 1 0 0 23819
1 1 0 6 41107
1 0 0 6 57626
1 0 0 7 26801
1 1 0 0 62679
1 1 0 0 36323
1 0 0 6 51365
1 1 1 5 33318
1 0 0 7 2959
1 0 0 2 14
1 0 0 6 17371
1 1 0 2 3
1 0 0 3 0
1 0 0 6 43961
1 1 0 6 11953
1 0 0 5 48325
1 1 0 5 9659
1 0 0 2 7
1 0 1 4 6073
1 1 0 3 0
1 0 0 5 33134
1 0 0 6 13189
1 0 0 4 248
1 1 1 6 55651
1 0 0 0 26567
1 1 0 6 27855
1 1 1 4 28990
1 1 0 5 39319
1 1 0 5 8407
1 1 0 5 17465
1 1 1 2 13
1 0 0 5 34699
1 1 0 1 2
1 1 1 6 63639
1 0 0 1 7
1 1 0 4 43644
1 0 0 7 18687
1 0 1 3 0
1 1 0 5 47508
1 1 0 0 17241
1 0 0 4 17803
1 1 1 5 64561
1 0 0 1 15
1 1 0 5 53036
1 1 0 3 0
1 0 1 0 45611
1 1 1 5 54392
1 1 0 2 14
1 1 0 3 0
1 1 0 6 32953
1 1 0 2 14
1 1 0 2 13
1 1 0 6 35687
1 1 0 4 38731
1 1 1 2 4
1 0 0 5 4904
1 0 0 6 52183
1 0 0 4 48646
1 0 0 4 17866
1 0 0 3 0
1 0 0 5 64000
1 1 1 1 12
1 1 0 5 60817
1 1 0 6 7849
1 1 0 3 0
1 1 0 1 11
1 0 0 5 19385
1 1 0 6 52224
1 1 0 3 0
1 0 1 6 19409
1 1 0 0 51849
1 1 0 5 2562
1 1 0 5 37633
1 0 1 7 32808
1 1 0 6 10024
1 0 1 1 4
1 1 0 3 0
1 0 1 1 12
1 1 0 3 0
1 0 0 0 37027
1 0 0 3 0
1 0 0 5 45547
1 0 0 6 7528
1 0 0 3 0
1 1 0 1 4
1 1 1 4 57594
1 0 0 0 53270
1 1 0 5 53432
1 1 1 5 34145
1 0 0 7 60509
1 1 0 3 0
1 0 0 4 63645
1 1 0 0 48192
1 1 1 0 28969
1 1 0 3 0
1 0 0 3 0
1 1 1 3 0
1 1 0 5 63138
1 1 0 4 63120
1 1 0 3 0
1 0 1 7 11784
1 1 0 7 6816
1 1 0 6 25720
1 1 0 1 6
1 1 0 5 63129
1 0 0 1 12
1 1 1 4 57920
1 1 0 6 43811
1 1 1 5 31400
1 1 0 2 14
1 0 0 6 58294
1 1 0 0 38235
1 1 0 4 16062
1 0 0 1 9
1 0 0 1 13
1 1 0 3 0
1 1 0 0 15242
1 0 0 1 2
1 1 0 2 11
1 0 0 1 15
1 1 0 4 37931
1 1 0 1 12
1 1 0 1 7
1 0 1 4 38521
1 1 0 4 58331
1 0 0 5 33659
1 1 0 3 0
1 1 1 1 0
1 0 0 1 12
1 0 0 2 11
1 1 0 1 1
1 0 0 4 22256
1 0 1 3 0
1 1 1 0 45521
1 1 0 0 12780
1 1 0 6 47743
1 1 0 0 28623
1 1 0 3 0
1 0 0 6 2369
1 0 0 3 0
1 0 0 1 8
1 1 0 2 3
1 1 0 6 25687
1 1 0 3 0
1 0 0 4 13568
1 1 0 3 0
1 0 1 0 6877
1 0 0 2 7
1 1 0 1 2
1 1 0 7 23655
1 0 0 4 31818
1 0 0 7 58346
1 1 0 2 11
1 1 0 6 46408
1 1 1 1 6
1 0 0 0 53650
1 1 0 4 37173
1 1 1 2 2
1 1 0 7 11830
1 1 0 7 31062
1 1 0 3 0
1 0 0 0 55302
1 0 0 7 10685
1 0 0 4 1161
1 0 0 2 15
1 0 0 0 12499
1 1 1 5 58974
1 0 0 0 7622
1 1 0 3 0
1 0 0 5 9183
1 1 0 3 0
1 1 0 0 45716
1 0 1 2 15
1 0 0 3 0
1 1 0 2 5
1 0 1 4 27119
1 1 0 1 7
1 1 0 6 56771
1 0 0 1 9
1 0 0 0 38654
1 0 0 3 0
1 1 0 6 53070
1 0 0 0 57053
1 1 0 6 31598
1 1 0 5 53834
1 1 0 7 44701
1 0 0 2 14
1 1 0 2 4
1 1 0 3 0
1 1 0 4 38284
1 0 0 1 0
1 0 0 2 2
1 0 0 5 32584
1 0 0 5 65268
1 0 0 0 60482
1 1 0 2 12
1 0 0 3 0
1 0 1 7 31855
1 1 0 5 49262
1 1 0 1 11
1 1 0 4 30149
1 0 1 5 48948
1 1 0 6 45249
1 1 1 4 48870
1 1 0 6 49470
1 0 1 6 32368
1 1 1 7 23693
1 0 0 5 5510
1 1 0 3 0
1 1 0 3 0
1 1 0 6 16786
1 1 0 0 30128
1 1 0 6 52645
1 0 0 0 10374
1 0 0 3 0
1 1 0 6 37656
1 1 0 5 33568
1 1 0 0 38129
1 1 0 1 5
1 1 0 2 13
1 1 1 4 63270
1 0 0 6 6157
1 1 1 5 61934
1 0 0 3 0
1 1 0 1 0
1 0 0 0 43592
1 1 1 7 34739
1 1 1 2 5
1 1 0 1 10
1 0 0 1 11
1 1 0 5 21781
1 0 0 5 25995
1 1 0 5 4431
1 0 0 7 42101
1 1 1 5 22407
1 1 1 1 7
1 0 0 2 0
1 1 0 2 0
1 1 0 0 16937
1 1 1 5 18067
1 1 0 4 61941
1 0 0 2 1
1 1 0 5 21495
1 0 0 7 33986
1 1 0 3 0
1 1 0 3 0
1 1 0 6 2738
1 1 0 5 39361
1 1 0 0 33240
1 1 0 0 33965
1 1 0 5 25173
1 1 0 6 36663
1 1 0 4 61776
1 1 0 2 8
1 0 0 2 0
1 0 0 7 25763
1 0 1 4 33547
1 1 0 0 58163
1 1 0 5 13111
1 1 1 5 5155
1 0 1 3 0
1 1 1 5 54628
1 0 0 2 1
1 0 1 4 46343
1 0 1 7 19503
1 0 0 4 9100
1 1 0 1 0
1 0 0 7 58388
1 0 0 6 38293
1 0 0 7 1907
1 1 0 1 2
1 1 0 0 58666
1 1 0 5 18127
1 1 0 5 49851
1 1 0 2 4
1 1 0 5 56908
1 0 0 6 22920
1 0 1 4 41799
1 0 0 2 0
1 0 0 3 0
1 1 0 3 0
1 0 0 1 2
1 0 0 6 56298
1 1 1 2 6
1 0 0 0 36078
1 1 0 5 59212
1 0 0 0 49683
1 0 0 0 63574
1 0 0 0 39769
1 1 1 0 17729
1 0 0 7 1493
1 1 0 3 0
1 1 0 3 0
1 1 0 2 4
1 1 0 5 34733
1 1 0 2 11
1 1 0 6 61692
1 1 0 2 7
1 1 0 7 17241
1 0 0 0 22894
1 0 1 5 59685
1 1 0 6 32406
1 1 0 2 15
1 0 0 7 62277
1 1 1 6 5254
1 0 0 5 39612
1 0 0 7 57763
1 1 1 2 14
1 1 0 5 39554
1 1 1 0 16858
1 0 0 6 50230
1 1 1 7 62645
1 0 0 5 5600
1 0 0 1 9
1 0 0 7 16118
1 0 0 6 24249
1 0 0 3 0
1 0 0 1 11
1 1 0 6 21049
1 0 0 1 2
1 0 1 2 10
1 0 0 1 11
1 0 0 2 15
1 1 0 6 27152
1 0 0 5 41497
1 1 0 1 8
1 0 1 2 7
1 0 1 6 56998
1 1 0 1 15
1 1 0 3 0
1 0 0 0 10922
1 1 1 0 33309
1 1 0 1 0
1 1 0 6 29947
1 0 0 4 30582
1 1 1 5 4022
1 1 1 7 2399
1 0 0 0 49813
1 1 0 5 27791
1 0 0 7 34042
1 0 1 1 5
1 1 1 7 38669
1 1 0 4 38053
1 1 1 0 2045
1 1 0 5 41465
1 0 1 3 0
1 1 0 3 0
1 0 0 1 4
1 0 0 4 22818
1 1 0 3 0
1 1 1 7 42052
1 1 0 1 13
1 0 1 5 34567
1 0 0 4 62876
1 0 1 2 15
1 1 0 7 51744
1 1 1 7 20734
1 0 0 6 48288
1 1 0 0 51784
1 0 0 2 5
1 1 0 7 17217
1 0 0 3 0
1 1 1 6 45751
1 1 1 7 28530
1 1 0 7 35661
1 1 0 2 2
1 0 0 6 41813
1 1 0 6 52753
1 1 0 7 55106
1 1 0 6 23051
1 0 0 6 47540
1 1 0 4 3650
1 1 1 1 2
1 1 0 5 18140
1 1 0 0 37025
1 0 1 0 57422
1 1 0 2 14
1 0 0 1 10
1 1 1 6 28677
1 1 0 3 0
1 1 0 3 0
1 0 0 7 45219
1 0 0 0 15566
1 1 0 7 24651
1 1 0 0 47328
1 1 0 0 14342
1 0 0 7 35223
1 0 1 3 0
1 1 0 1 2
1 0 0 6 24027
1 0 1 7 7717
1 1 0 4 26391
1 1 0 3 0
1 0 0 5 24752
1 1 1 5 14401
1 0 0 6 52355
1 1 1 1 7
1 1 1 1 7
1 0 0 0 6175
1 1 0 0 17517
1 1 1 4 33551
1 1 0 4 10489
1 1 0 0 21015
1 1 0 6 26982
1 0 0 5 17392
1 1 0 3 0
1 1 0 7 50821
1 1 0 6 22346
1 1 0 4 12408
1 0 0 0 45934
1 1 0 4 41442
1 0 0 0 46495
1 1 0 5 12758
1 0 1 2 11
1 1 0 3 0
1 0 1 0 60730
1 1 0 4 35319
1 1 0 7 59587
1 1 0 2 12
1 1 0 7 37291
1 0 1 7 25600
1 0 0 3 0
1 0 0 7 56898
1 1 0 7 9167
1 1 1 5 2830
1 0 0 0 6460
1 1 0 0 28360
1 0 0 6 63371
1 1 1 2 13
1 0 1 0 31232
1 1 0 3 0
1 1 0 0 49054
1 0 0 6 22426
1 0 0 7 2743
1 1 1 2 0
1 1 0 6 65288
1 1 0 1 15
1 1 0 5 32114
1 1 0 4 58145
1 1 1 4 9126
1 0 0 4 1724
1 1 0 3 0
1 1 0 4 63243
1 1 0 3 0
1 0 0 3 0
1 0 1 0 55083
1 1 0 4 8990
1 0 0 3 0
1 1 0 7 10495
1 0 0 5 32658
1 0 0 5 38718
1 1 0 4 7092
1 1 0 1 9
1 0 0 2 10
1 1 0 0 65029
1 1 0 5 52505
1 1 0 2 6
1 1 0 7 9194
1 0 0 1 4
1 1 0 4 44880
1 1 0 0 54951
1 1 0 2 2
1 0 0 2 3
1 1 0 2 7
1 0 0 5 19043
1 0 0 3 0
1 0 0 7 33105
1 1 0 1 2
1 1 0 0 52536
1 0 0 5 31859
1 1 0 3 0
1 1 0 4 64515
1 1 1 7 2078
1 1 0 5 57224
1 1 0 5 50973
1 1 0 1 4
1 0 0 7 59780
1 0 0 7 32922
1 0 0 7 26240
1 1 1 6 35745
1 1 0 2 8
1 1 0 0 44252
1 1 0 3 0
1 1 1 7 3258
1 0 0 4 35200
1 1 1 0 2369
1 1 1 0 38666
1 0 0 2 13
1 0 1 4 42517
1 1 0 3 0
1 0 0 6 24254
1 1 0 2 14
1 0 0 0 10082
1 1 0 0 34699
1 1 1 4 38833
1 0 0 3 0
1 1 0 7 34434
1 0 0 6 24709
1 1 0 1 7
1 1 0 6 33351
1 0 0 0 2796
1 0 1 4 42126
1 1 1 2 3
1 1 0 0 36086
1 1 1 4 7931
1 1 0 1 7
1 1 0 6 43691
1 1 0 5 45454
1 1 0 1 1
1 1 0 7 28497
1 1 1 5 28359
1 1 1 3 0
1 1 0 2 15
1 1 0 2 13
1 1 0 7 8704
1 0 0 7 8375
1 0 0 4 21266
1 1 0 0 51887
1 0 0 2 15
1 0 0 2 9
1 1 1 4 46674
1 0 0 1 4
1 0 0 5 46978
1 0 0 5 61668
1 1 0 2 3
1 1 1 5 56714
1 0 0 5 34978
1 1 0 3 0
1 1 0 4 33408
1 1 0 1 2
1 1 1 6 5743
1 0 1 6 51206
1 0 0 2 8
1 1 0 0 2986
1 1 1 5 30687
1 0 0 5 49883
1 1 0 4 35238
1 0 0 0 40154
1 1 1 3 0
1 1 0 4 11176
1 0 0 5 59875
1 0 0 6 29822
1 1 1 7 3890
1 1 1 6 14512
1 0 1 2 12
1 1 0 1 12
1 1 0 5 23811
1 1 0 6 59774
1 1 0 4 32978
1 1 0 0 60832
1 1 0 6 56200
1 0 0 4 11111
1 1 1 3 0
1 0 0 7 1872
1 1 0 1 0
1 1 0 0 26999
1 1 0 2 1
1 0 0 4 27830
1 1 0 1 8
1 0 0 2 14
1 1 0 3 0
1 0 0 1 13
1 1 0 6 14913
1 0 1 1 1
1 1 0 4 10554
1 1 0 6 54651
1 0 0 4 24608
1 0 0 6 62238
1 0 0 0 4416
1 1 1 6 6703
1 1 0 4 31575
1 1 0 2 0
1 0 1 2 4
1 1 0 6 19652
1 0 0 2 1
1 0 0 4 47930
1 1 0 7 57561
1 1 0 3 0
1 1 0 1 7
1 1 1 1 3
1 1 0 5 53567
1 1 0 6 29364
1 1 0 3 0
1 1 0 0 9500
1 1 0 2 10
1 1 0 0 63576
1 0 1 7 9069
1 1 0 2 12
1 1 0 3 0
1 1 0 0 389
1 1 0 6 33768
1 0 1 3 0
1 1 0 2 10
1 1 1 2 15
1 1 0 3 0
1 0 0 7 26
1 0 0 5 4111
1 0 1 1 14
1 1 0 4 62256
1 1 1 6 53404
1 1 1 1 7
1 0 1 6 47605
1 1 0 5 3960
1 0 0 5 2396
1 1 0 3 0
1 1 1 6 58330
1 1 0 3 0
1 1 0 2 0
1 1 0 1 7
1 0 0 1 13
1 1 0 2 9
1 1 0 6 12509
1 1 0 4 13991
1 1 0 3 0
1 0 0 2 9
1 1 0 2 8
1 1 0 4 45960
1 1 0 7 26669
1 0 0 4 5495
1 0 0 1 3
1 1 0 7 12959
1 0 0 5 6147
1 0 0 4 29877
1 0 0 4 10780
1 1 0 7 8515
1 1 0 5 17131
1 0 0 7 21126
1 1 0 2 7
1 1 1 2 7
1 0 0 5 58431
1 0 0 4 50201
1 1 0 4 56138
1 1 0 0 737
1 1 0 6 16415
1 1 0 4 15009
1 0 0 3 0
1 1 1 2 6
1 1 0 3 0
1 1 1 3 0
1 0 0 1 6
1 1 0 6 6644
1 1 0 5 49453
1 0 1 4 62164
1 1 1 7 54843
1 1 0 6 55262
1 0 0 7 32162
1 0 1 5 47805
1 0 0 5 50429
1 1 0 2 9
1 1 0 7 27455
1 0 0 1 4
1 0 0 4 61624
1 1 0 1 10
1 1 1 5 39538
1 1 0 5 22694
1 0 0 6 54803
1 0 1 2 7
1 0 0 4 37058
1 0 0 5 51324
1 0 0 4 39755
1 1 0 6 1587
1 1 0 2 14
1 1 1 3 0
1 0 0 7 61899
1 1 0 3 0
1 0 0 4 8716
1 0 0 5 5887
1 1 0 0 12447
1 0 0 3 0
1 1 0 7 35065
1 0 0 5 45563
1 0 0 5 60997
1 1 0 0 27483
1 1 0 4 29455
1 1 0 6 49150
1 1 0 6 59785
1 0 0 6 26079
1 1 0 3 0
1 1 0 7 64187
1 1 0 6 11373
1 1 0 6 63499
1 0 0 1 2
1 0 1 6 39940
1 0 0 4 8909
1 1 1 6 13446
1 1 0 0 14447
1 1 0 5 24592
1 1 0 7 62536
1 1 0 7 35190
1 1 1 5 57130
1 1 0 0 7556
1 0 1 1 13
1 0 0 4 56895
1 0 0 1 1
1 1 1 7 27516
1 1 0 0 10279
1 0 0 5 49426
1 0 0 6 64332
1 0 1 1 15
1 0 1 2 4
1 1 1 2 6
1 0 0 2 5
1 0 0 7 48289
1 1 1 6 3780
1 0 0 6 63797
1 0 0 6 3904
1 1 0 6 35066
1 1 1 3 0
1 1 0 5 41236
1 1 0 4 3672
1 1 0 4 809
1 1 0 6 37766
1 1 0 3 0
1 0 0 4 53043
1 0 0 2 5
1 0 0 1 10
1 1 1 5 29484
1 1 0 5 12878
1 1 0 2 7
1 1 0 4 59783
1 1 0 0 13191
1 0 0 7 62805
1 0 0 6 39054
1 1 1 1 11
1 0 0 1 5
1 1 1 7 2991
1 0 0 4 49647
1 0 0 1 3
1 1 0 3 0
1 1 0 5 15359
1 1 0 1 4
0 0 0 1 7
1 1 1 7 28776
1 0 0 2 7
1 1 0 7 37726
1 0 0 1 0
1 0 0 1 10
1 1 0 1 4
1 0 0 4 14885
1 0 1 5 14425
1 0 1 1 2
1 1 0 3 0
1 0 0 3 0
1 1 1 0 23883
1 0 0 2 0
1 0 0 3 0
1 1 0 0 16712
1 0 0 7 28766
1 1 0 7 6829
1 1 0 6 37923
1 1 0 6 53076
1 1 0 2 13
1 1 1 4 52425
1 0 0 4 7296
1 1 0 0 63779
1 0 0 5 33494
1 1 0 1 3
1 0 0 3 0
1 0 1 2 4
1 0 0 5 30096
1 0 1 1 6
1 1 1 6 40301
1 1 0 2 3
1 0 0 4 12637
1 1 1 0 10252
1 1 0 4 47291
1 1 0 2 12
1 0 0 3 0
1 0 0 5 36833
1 1 0 0 53099
1 0 1 1 1
1 1 0 2 4
1 1 1 7 44990
1 1 0 2 4
1 1 0 0 44177
1 1 0 0 36939
1 1 1 2 14
1 1 0 3 0
1 0 1 7 11986
1 0 0 3 0
1 0 1 0 51467
1 1 0 0 33009
1 1 0 0 43294
1 1 1 5 13107
1 0 0 3 0
1 0 1 7 19869
1 1 0 0 14916
1 0 0 5 51210
1 1 0 1 6
1 0 1 0 47481
1 1 1 3 0
1 0 0 3 0
1 0 0 4 50583
1 1 0 7 27562
1 0 1 6 8682
1 0 0 2 4
1 1 0 2 14
1 0 0 2 5
1 0 0 2 15
1 0 0 6 26059
1 1 0 3 0
1 0 0 6 56912
1 1 0 4 63922
1 0 0 4 17565
1 0 1 1 3
1 1 0 6 10008
1 1 0 4 52787
1 0 1 0 24319
1 0 0 4 16666
1 1 0 2 10
1 0 0 7 1849
1 0 0 7 8206
1 0 0 2 11
1 1 0 5 43928
1 1 0 0 7894
1 1 0 1 12
1 0 0 0 311
1 1 0 0 55638
1 1 0 0 17893
1 0 0 7 19037
1 0 0 4 49226
1 1 0 0 32293
1 0 0 3 0
1 0 0 0 14124
1 1 0 7 36730
1 1 1 3 0
1 1 0 3 0
1 1 0 5 22432
1 1 0 0 56539
1 1 0 3 0
1 0 0 3 0
1 0 0 3 0
1 1 0 5 12061
1 0 0 3 0
1 1 0 3 0
1 0 0 0 53347
1 1 0 4 51768
1 0 0 4 28239
1 0 0 0 52259
1 0 0 5 50413
1 1 1 3 0
1 1 1 5 62641
1 1 1 4 17995
1 0 1 2 4
1 0 0 6 16156
1 0 1 0 47142
1 1 0 6 25328
1 1 0 4 39643
1 0 0 1 15
1 1 1 5 64747
1 1 0 3 0
1 1 0 5 6934
1 1 1 2 14
1 0 0 3 0
1 1 1 0 32919
1 1 0 0 53481
1 0 0 0 17457
1 0 0 3 0
1 0 0 2 3
1 1 0 5 10219
1 1 1 2 14
1 0 0 7 33959
1 0 0 6 495
1 1 0 5 10431
1 0 0 7 44241
1 0 0 7 39120
1 1 0 1 11
1 1 0 3 0
1 0 0 5 17588
1 1 0 5 42348
1 0 0 5 44156
1 1 0 2 9
1 1 0 5 44186
1 0 0 0 21073
1 0 0 6 2723
1 1 0 1 0
1 0 0 5 55741
1 1 0 2 12
1 0 0 5 2534
1 1 1 2 8
1 0 0 4 24830
1 1 0 7 6131
1 1 0 0 38239
1 1 0 0 20295
1 1 0 6 49650
1 0 0 5 38668
1 1 0 1 15
1 0 0 3 0
1 1 0 4 43807
1 0 0 1 1
1 1 1 3 0
1 1 0 7 33814
1 1 0 4 45527
1 0 0 2 12
1 1 1 7 37213
1 1 0 5 60903
1 1 0 5 40203
1 1 0 1 5
1 1 0 1 7
1 1 0 0 19585
1 1 0 5 4271
1 0 1 7 11294
1 1 1 0 20358
1 1 0 0 18653
1 0 0 1 15
1 1 1 0 13042
1 1 0 5 30146
1 1 0 1 11
1 1 0 4 30287
1 0 0 7 28694
1 0 0 4 16692
1 0 0 7 53488
1 1 0 1 3
1 1 0 7 35782
1 1 1 3 0
1 1 0 7 46417
1 1 1 1 14
1 0 0 6 48203
1 1 1 0 44747
1 1 0 7 52266
1 1 0 2 11
1 0 0 3 0
1 1 0 3 0
1 1 1 5 38933
1 0 0 0 35053
1 1 0 5 30259
1 0 0 6 29151
1 1 0 7 13212
1 0 0 7 64564
1 1 1 4 51111
1 0 0 2 3
1 1 0 5 21809
1 0 0 5 24001
1 0 1 0 34995
1 1 0 0 18865
1 1 0 0 18745
1 1 0 1 7
1 1 1 2 2
1 1 0 1 1
1 1 0 5 15453
1 1 0 4 41433
1 0 0 1 10
1 0 0 7 5349
1 1 0 2 1
1 0 0 0 43706
1 1 0 2 13
1 1 1 0 13007
1 1 1 0 17950
1 1 0 7 45853
1 1 0 4 29234
1 1 0 6 36739
1 0 0 1 5
1 1 1 1 4
1 0 0 6 43187
1 0 0 1 1
1 1 0 7 19408
1 1 1 7 13871
1 1 1 6 40732
1 0 0 6 50447
1 1 0 3 0
1 0 0 2 15
1 1 1 1 3
1 0 1 3 0
1 0 1 1 13
1 0 0 6 49611
1 0 0 7 49583
1 1 0 6 19939
1 0 1 0 25046
1 1 1 0 35466
1 0 0 2 0
1 0 0 6 61701
1 1 0 7 6491
1 1 0 2 4
1 1 0 0 38464
1 1 0 3 0
1 1 0 3 0
1 0 0 7 40570
1 1 1 2 8
1 1 0 6 21263
1 1 1 6 47715
1 1 0 2 13
1 1 0 1 2
1 1 1 5 49407
1 0 0 4 19716
1 1 0 4 21605
1 1 0 1 15
1 1 0 0 51102
1 1 0 6 44765
1 0 0 1 8
1 0 0 1 10
1 1 0 1 15
1 1 0 4 50628
1 1 0 6 29336
1 0 0 6 31742
1 0 0 6 3370
1 1 0 3 0
1 1 0 0 18643
1 1 0 2 0
1 1 0 3 0
1 1 0 6 7958
1 1 0 2 11
1 1 0 6 20149
1 1 1 7 40152
1 1 0 6 51132
1 1 0 7 15244
1 1 1 4 34788
1 0 1 2 13
1 0 1 3 0
1 0 1 4 44086
1 1 0 0 45636
1 0 1 7 525
1 0 0 4 42654
1 1 0 4 22411
1 1 0 5 20858
1 1 0 1 7
1 1 0 5 34897
1 1 0 5 49455
1 0 0 3 0
1 1 0 1 15
1 1 0 5 24351
1 0 0 1 2
1 0 0 7 15272
1 1 0 6 50853
1 1 0 2 7
1 1 0 2 0
1 0 0 5 21787
1 0 0 5 14887
1 0 0 2 2
1 1 0 0 28740
1 1 0 6 4523
1 0 0 1 7
1 1 0 7 44653
1 0 0 6 43641
1 0 0 6 44628
1 1 0 3 0
1 1 0 4 47710
1 1 0 3 0
1 0 1 2 6
1 0 0 7 32676
1 0 0 0 53143
1 1 0 1 6
1 1 0 7 61556
1 1 0 5 34723
1 1 0 5 40339
1 1 0 7 1465
1 0 0 7 47220
1 0 0 1 0
1 1 0 1 8
1 1 0 1 1
1 0 0 1 8
1 1 0 5 5998
1 1 0 0 9074
1 1 0 6 10077
1 1 0 0 59430
1 1 0 4 5299
1 1 0 4 4921
1 1 0 0 57221
1 0 0 2 15
1 0 0 6 39314
1 1 0 1 10
1 0 1 7 30542
1 1 0 4 49713
1 0 0 3 0
1 1 1 3 0
1 0 0 4 39899
1 1 0 5 37427
1 1 0 7 15638
1 1 0 6 37038
1 0 0 7 36934
1 1 0 5 56991
1 0 1 6 61908
1 0 0 4 9416
1 1 0 4 39086
1 1 0 5 43289
1 1 0 2 8
1 1 0 0 2640
1 0 1 7 52177
1 1 0 2 12
1 0 0 6 63510
1 0 0 1 4
1 0 0 5 47184
1 1 0 0 42277
1 1 1 7 21333
1 0 0 7 48482
1 1 1 7 34761
1 0 1 7 35990
1 1 0 7 58849
1 1 1 1 8
1 1 0 5 47266
1 1 0 3 0
1 1 0 2 6
1 0 0 4 41785
1 1 0 1 12
1 0 0 6 40355
1 1 0 2 4
1 0 0 6 25280
1 1 0 3 0
1 1 0 4 8729
1 1 1 2 11
1 0 0 1 7
1 0 0 7 35235
1 1 0 5 53074
1 0 0 3 0
1 0 0 3 0
1 1 0 2 11
1 1 0 5 16825
1 1 0 4 53645
1 1 0 3 0
1 0 0 7 5626
1 0 0 6 16805
1 0 1 5 59505
1 1 1 5 54314
1 1 0 6 65210
1 1 0 0 3241
1 1 0 0 35238
1 1 0 6 52639
1 1 0 0 32367
1 0 0 0 19898
1 1 0 7 6792
1 0 0 5 16134
1 1 1 0 37619
1 1 0 5 46013
1 0 1 2 11
1 1 0 5 63657
1 0 0 1 5
1 0 0 2 2
1 1 1 3 0
1 0 0 1 7
1 1 0 6 2535
1 0 0 1 11
1 1 0 4 58321
1 0 1 4 31282
1 1 0 1 15
1 0 0 6 39947
1 0 0 6 39286
1 0 0 3 0
1 0 0 4 28631
1 0 0 0 19736
1 0 1 7 4535
1 0 0 2 15
1 0 0 6 38026
1 0 0 2 14
1 1 0 1 2
1 0 0 2 15
1 0 0 5 43016
1 1 0 2 0
1 0 1 5 28073
1 1 0 2 6
1 0 0 2 9
1 1 0 4 49825
1 0 0 6 27535
1 1 0 4 36137
1 1 0 0 19432
1 1 0 5 17041
1 1 1 3 0
1 1 0 3 0
1 1 1 3 0
1 0 0 4 40881
1 1 0 4 32200
1 1 0 1 1
1 1 0 4 63841
1 1 1 3 0
1 0 0 0 34313
1 0 0 3 0
1 0 0 0 9638
1 1 1 7 426
1 0 0 0 53341
1 0 0 2 2
1 0 0 7 25410
1 0 0 4 58335
1 1 1 5 14116
1 0 0 0 24649
1 1 0 3 0
1 1 1 2 13
1 1 0 7 29734
1 1 1 5 12440
1 0 0 6 62816
1 1 0 4 11097
1 0 0 2 11
1 1 0 2 6
1 0 1 6 46103
1 1 0 6 48532
1 1 0 6 61260
1 1 0 3 0
1 1 0 4 16887
1 0 0 5 59954
1 0 1 1 3
1 1 0 3 0
1 0 0 3 0
1 0 0 2 11
1 1 0 4 19123
1 1 0 6 61708
1 1 0 4 57648
1 1 0 6 40842
1 1 0 1 10
1 1 0 4 38059
1 1 0 6 28867
1 1 0 4 28628
1 0 0 5 31468
1 0 0 6 12093
1 0 0 6 56836
1 1 0 2 2
1 0 0 0 52489
1 0 0 1 8
1 1 0 1 12
1 1 0 7 4002
1 0 0 4 11704
1 0 0 7 31210
1 1 0 6 2345
1 1 1 3 0
1 1 1 5 56965
1 0 0 3 0
1 0 0 1 7
1 1 0 0 29410
1 1 0 0 37563
1 1 0 2 4
1 1 1 5 6940
1 1 0 1 13
1 0 0 1 12
1 1 0 1 2
1 1 0 2 13
1 1 0 7 7018
1 1 0 5 19236
1 1 0 7 39837
1 1 1 2 9
1 1 0 5 423
1 1 0 4 22693
1 1 0 5 36048
1 1 0 4 60115
1 1 1 2 9
1 0 0 5 37037
1 0 0 2 2
1 1 0 7 59923
1 1 0 4 53107
1 0 0 2 4
1 1 0 7 11028
1 0 1 4 29976
1 0 0 7 36763
1 1 0 6 57798
1 0 1 2 13
1 1 0 0 2344
1 1 0 0 1234
1 1 0 5 8996
1 1 0 1 6
1 0 0 7 61557
1 0 0 3 0
1 0 0 5 30766
1 0 0 0 65191
1 0 0 5 38370
1 0 0 1 5
1 1 0 3 0
1 1 0 1 9
1 1 0 5 9050
1 1 0 1 11
1 0 0 6 31595
1 0 0 2 9
1 0 1 5 12995
1 0 0 5 50369
1 1 1 0 51532
1 1 0 3 0
1 1 0 2 1
1 1 0 3 0
1 1 0 0 53120
1 0 0 1 12
1 1 1 7 15970
1 0 1 7 33117
1 1 0 5 5665
1 0 0 4 52571
1 0 0 1 12
1 0 0 3 0
1 0 0 4 42285
1 1 0 4 64412
1 1 0 4 59163
1 0 0 5 12801
1 0 0 5 20157
1 0 0 5 28860
1 0 1 3 0
1 0 0 6 34027
1 1 0 5 41621
1 0 0 4 30879
1 0 0 0 45493
1 0 0 7 62367
1 0 0 1 2
1 1 0 4 15368
1 1 1 0 48020
1 0 0 7 26030
1 0 0 0 11726
1 0 0 0 8012
1 1 0 2 7
1 1 0 7 21661
1 1 1 5 36304
1 1 0 5 40704
1 1 0 7 32144
1 1 0 2 11
1 1 0 2 9
1 1 1 5 22463
1 1 0 6 16434
1 0 0 6 61325
1 1 0 4 25681
1 1 0 1 14
1 0 0 5 54454
1 0 0 1 10
1 1 0 4 53995
1 0 0 3 0
1 0 1 7 5021
1 1 0 4 33729
1 0 0 6 2398
1 1 0 4 11992
1 1 0 6 44645
1 1 0 4 1806
1 1 0 1 1
1 0 0 2 11
1 1 0 2 0
1 1 0 5 21706
1 1 0 0 2266
1 0 1 4 23748
1 1 1 2 9
1 1 0 3 0
1 1 0 1 2
1 1 0 4 34258
1 0 0 1 5
1 0 0 1 3
1 1 1 7 60315
1 1 0 1 13
1 0 0 4 57974
1 1 1 2 5
1 1 1 0 46669
1 1 0 2 13
1 1 0 4 6541
1 0 0 4 23296
1 1 1 0 28582
1 1 0 2 0
1 0 1 6 6656
1 1 0 0 14422
1 0 0 4 46069
1 0 0 5 25374
1 0 1 6 34085
1 0 1 2 0
1 0 0 0 5381
1 1 0 5 33255
1 0 0 5 48149
1 1 0 1 7
1 1 0 3 0
1 0 1 2 11
1 1 1 6 17505
1 0 1 3 0
1 1 0 6 2003
1 0 0 0 35100
1 0 1 2 3
1 0 0 2 6
1 0 0 3 0
1 1 1 4 50165
1 1 0 3 0
1 0 0 2 15
1 0 0 3 0
1 0 0 6 23337
1 1 0 6 14031
1 0 0 1 1
1 0 0 0 20667
1 1 0 2 11
1 1 1 7 37040
1 0 0 3 0
1 1 1 5 37024
1 1 0 4 20992
1 1 0 0 13353
1 1 0 3 0
1 1 0 0 15117
1 0 0 1 3
1 1 0 7 52134
1 1 0 7 29684
1 0 0 6 54850
1 0 1 6 43107
1 1 0 6 45615
1 1 0 4 28553
1 0 1 5 12812
1 1 0 0 34562
1 1 1 6 53894
1 0 0 7 38053
1 0 1 2 12
1 0 0 0 9176
1 1 1 2 6
1 0 0 0 53518
1 1 0 3 0
1 0 0 1 11
1 0 0 4 5471
1 1 1 2 12
1 1 0 6 56813
1 1 0 0 4208
1 1 0 7 12257
1 1 0 1 15
1 0 1 2 14
1 1 1 2 14
1 0 0 4 21684
1 1 1 2 4
1 1 0 4 24415
1 1 0 0 11659
1 0 0 7 35989
1 0 0 0 47159
1 1 1 7 64897
1 0 0 2 0
1 0 0 6 62443
1 0 0 1 9
1 0 0 0 30021
1 0 0 7 21650
1 1 0 7 19759
1 1 1 6 3834
1 1 0 1 15
1 1 1 3 0
1 1 0 0 29464
1 1 0 3 0
1 0 1 2 13
1 1 0 5 25584
1 1 0 7 60723
1 1 0 6 55629
1 1 0 6 17239
1 0 0 2 13
1 1 0 4 19812
1 1 0 4 45075
1 0 0 7 26942
1 1 0 0 52609
1 1 0 2 15
1 0 0 2 9
1 0 0 3 0
1 1 0 2 10
1 1 0 1 5
1 1 0 3 0
1 0 1 7 60555
1 1 0 6 7823
1 1 1 6 17870
1 1 0 3 0
1 1 0 5 58196
1 0 0 6 18046
1 0 1 2 13
1 1 0 7 53632
1 0 0 5 35534
1 1 0 3 0
1 0 0 2 9
1 1 0 2 10
1 0 1 7 52667
1 1 0 4 43738
1 1 0 1 10
1 1 0 2 8
1 1 0 0 54262
1 0 1 0 28346
1 1 0 2 12
1 1 0 7 39638
1 0 0 3 0
1 1 0 6 56671
1 0 0 4 13756
1 1 0 6 22792
1 0 0 1 0
1 1 0 1 5
1 0 0 1 6
1 1 0 4 50250
1 1 0 3 0
1 1 0 0 62120
1 1 0 7 51991
1 1 0 4 60732
1 1 1 2 8
1 1 0 6 13530
1 1 0 1 15
1 0 0 3 0
1 1 1 0 44440
1 0 0 4 51695
1 1 0 6 56131
1 0 0 2 0
1 0 0 6 38655
1 1 1 5 22627
1 0 1 5 14823
1 1 0 4 58808
1 0 0 4 40489
1 0 0 1 9
1 1 0 4 3257
1 1 0 4 41811
1 1 0 0 28005
1 0 0 7 42254
1 0 0 2 3
1 1 0 6 58313
1 1 0 3 0
1 1 0 5 27897
1 1 0 1 13
1 1 0 1 12
1 1 1 7 64726
1 1 0 2 15
1 1 0 6 10126
1 1 0 6 21754
1 0 1 6 32791
1 0 0 5 64831
1 0 0 4 39413
1 1 1 4 27119
1 1 0 0 5802
1 1 1 2 5
1 1 0 3 0
1 1 0 3 0
1 1 0 3 0
1 1 0 6 48101
1 1 1 7 23269
1 1 0 2 1
1 1 0 3 0
1 1 0 7 53027
1 0 0 7 14046
1 1 0 0 38811
1 0 0 4 238
1 1 0 3 0
1 1 0 2 7
1 1 0 2 3
1 1 0 3 0
1 1 0 2 11
1 1 0 1 4
1 1 0 7 23842
1 1 0 6 30920
1 0 0 2 11
1 1 0 6 10146
1 1 0 5 63847
1 0 0 7 22200
1 0 1 1 13
1 0 1 1 2
1 0 1 2 1
1 1 0 1 4
1 0 0 6 46814
1 1 0 4 18973
1 0 1 2 9
1 1 0 1 1
1 1 1 1 11
1 0 0 0 26044
1 0 0 2 4
1 1 0 7 43002
1 1 0 4 4129
1 1 0 2 5
1 1 0 0 3812
1 1 0 1 3
1 1 0 4 44539
1 1 1 6 51149
1 0 1 7 48169
1 1 1 2 10
1 0 0 7 45535
1 1 0 7 17967
1 0 1 5 35078
1 1 1 5 56172
1 1 1 5 21863
1 0 0 6 47333
1 1 0 6 54579
1 0 1 5 6699
1 0 0 0 33438
1 0 0 4 64868
1 1 0 3 0
1 1 0 1 11
1 1 0 3 0
1 1 0 6 42734
1 0 0 3 0
1 0 1 5 29507
1 1 0 7 15949
1 0 1 4 27310
1 1 0 2 6
1 1 1 5 64081
1 1 0 1 1
1 1 0 0 29378
1 0 0 6 65258
1 1 0 6 56085
1 1 0 6 40644
1 1 0 3 0
1 1 0 5 6706
1 0 0 3 0
1 1 0 2 9
1 0 0 4 22249
1 0 1 0 49702
1 1 0 3 0
1 1 0 3 0
1 0 1 5 54482
1 0 0 6 43348
1 1 0 2 7
1 1 1 3 0
1 1 0 7 45858
1 1 0 2 6
1 1 0 5 49371
1 1 0 6 37254
1 1 1 3 0
1 1 1 3 0
1 0 0 6 63481
1 1 0 1 1
1 1 0 5 19699
1 0 0 1 12
1 0 0 0 16973
1 1 0 2 13
1 0 0 1 12
1 1 0 7 33155
1 1 0 2 11
1 1 1 1 6
1 0 0 5 19779
1 1 0 3 0
1 1 0 6 33754
1 1 0 6 11283
1 1 0 3 0
1 1 0 4 3178
1 1 0 5 11359
1 0 1 4 5997
1 1 0 7 17901
1 1 0 0 29648
1 1 0 1 10
1 0 1 7 20643
1 1 1 3 0
1 1 1 0 50160
1 1 0 1 12
1 0 1 1 4
1 0 0 6 22893
1 1 0 4 4489
1 1 0 7 31060
1 1 0 3 0
1 1 0 6 32470
1 0 0 4 19677
1 0 0 3 0
1 1 0 6 27491
1 1 0 0 11716
1 0 0 6 1142
1 1 0 5 11012
1 1 0 2 0
1 0 0 4 33281
1 1 0 4 16378
1 1 0 3 0
1 1 0 6 13975
1 1 0 1 0
1 1 0 4 47972
1 1 0 7 33720
1 1 0 1 15
1 1 1 0 58701
1 0 0 5 55171
1 1 0 2 0
1 1 1 6 58782
1 0 0 1 0
1 0 1 6 27622
1 1 0 0 59206
1 0 0 4 43515
1 0 0 3 0
1 0 1 0 4533
1 1 0 1 4
1 0 1 3 0
1 1 0 4 2247
1 0 1 6 46462
1 1 0 5 1005
1 0 0 4 58428
1 1 0 2 1
1 0 1 7 13753
1 1 0 7 39970
1 0 0 3 0
1 1 0 3 0
1 0 1 7 9240
1 0 1 7 12836
1 1 0 2 10
1 1 0 7 45358
1 1 1 1 5
1 0 1 5 27186
1 1 0 6 58183
1 0 1 6 21895
1 1 0 2 5
1 0 1 0 12684
1 1 0 0 61655
1 0 0 0 37338
1 1 0 1 13
1 0 0 7 58209
1 1 0 3 0
1 0 0 7 59754
1 1 0 4 36697
1 1 1 0 9779
1 0 0 6 17878
1 1 0 1 5
1 1 0 1 2
1 0 0 2 2
1 1 0 5 59207
1 1 0 4 64705
1 1 1 0 46085
1 0 1 7 39494
1 1 0 6 5915
1 0 1 3 0
1 1 0 0 5614
1 0 1 2 10
1 1 0 3 0
1 1 0 3 0
1 0 1 6 57038
1 1 0 2 6
1 1 1 4 21916
1 0 0 4 34125
1 0 0 5 60819
1 0 0 2 2
1 0 0 4 31166
1 1 0 2 15
1 1 0 6 11393
1 0 1 4 39159
1 1 1 4 25952
1 0 0 6 55098
1 0 0 7 47695
1 1 0 2 12
1 1 0 1 10
1 0 0 5 31129
1 1 0 6 12840
1 0 0 4 16914
1 1 0 5 61763
1 1 0 1 11
1 0 1 5 43177
1 1 0 5 13459
1 1 0 0 7423
1 1 0 0 42720
1 1 0 2 6
1 1 0 5 14276
1 1 0 1 10
1 0 1 2 6
1 1 0 5 46908
1 0 0 6 43870
1 1 0 5 7957
1 0 0 4 12255
1 1 1 4 16509
1 1 0 5 46536
1 1 0 5 881
1 0 0 4 10778
1 1 0 3 0
1 0 0 1 9
1 0 0 0 37941
1 0 1 6 55481
1 1 0 6 39319
1 0 0 7 35473
1 1 0 5 29676
1 1 0 1 11
1 0 0 6 9077
1 0 0 7 15282
1 1 0 5 51785
1 0 0 6 24709
1 0 0 3 0
1 0 0 6 61190
1 0 0 4 18489
1 1 0 2 8
1 1 0 4 31867
1 1 0 7 27511
1 0 1 0 51609
1 1 0 7 16677
1 1 0 0 57568
1 1 0 0 13181
1 1 0 4 26069
1 1 0 5 62780
1 1 0 3 0
1 0 0 7 41550
1 1 0 0 14469
1 1 0 2 12
1 0 0 2 2
1 1 1 4 34413
1 1 1 6 49220
1 1 0 4 57460
1 1 0 7 34292
1 1 0 0 32291
1 0 1 4 56499
1 1 0 0 46489
1 1 1 6 57225
1 0 0 0 61149
1 0 0 6 36005
1 1 0 0 62637
1 0 1 4 65010
1 1 0 7 48920
1 1 0 4 41810
1 1 1 2 4
1 1 0 7 6969
1 1 0 0 6942
1 1 0 1 15
1 1 1 5 39941
1 1 0 6 51732
1 1 0 0 64436
1 1 0 1 5
1 0 0 1 3
1 1 0 6 46469
1 1 1 4 26291
1 1 0 7 4253
1 0 0 0 17028
1 0 0 0 33059
1 1 0 1 9
1 1 0 0 59677
1 1 1 1 14
1 0 0 1 11
1 1 0 5 22565
1 1 0 1 5
1 1 1 2 1
1 0 0 3 0
1 0 0 5 2420
1 0 0 3 0
1 1 0 2 14
1 1 0 0 49406
1 1 0 3 0
1 1 0 6 57515
1 1 0 4 3830
1 1 0 4 31509
1 1 0 2 6
1 1 0 5 56699
1 1 0 5 49648
1 1 0 6 30350
1 1 0 4 47776
1 0 0 0 22589
1 1 0 2 4
1 1 0 0 61443
1 1 0 6 4251
1 1 1 0 6432
1 0 0 3 0
1 1 1 5 51798
1 0 0 2 8
1 0 1 4 30597
1 1 0 7 19173
1 0 0 5 55976
1 1 0 0 10882
1 0 0 5 23142
1 0 0 6 52177
1 0 0 7 51080
1 0 0 4 5133
1 1 0 5 56437
1 0 1 2 14
1 1 0 2 1
1 1 0 5 34815
1 1 0 1 11
1 1 0 6 48525
1 1 0 0 54626
1 1 0 4 12239
1 0 1 6 41372
1 0 0 5 33276
1 1 0 6 22099
1 1 0 2 5
1 1 0 6 8045
1 0 0 5 30923
1 1 0 0 53237
1 0 0 3 0
1 1 0 0 32153
1 0 0 5 34020
1 1 0 7 3679
1 1 0 1 5
1 0 0 0 46333
1 0 0 3 0
1 1 0 3 0
1 0 0 5 29533
