# DESCRIPTION: Verilator output: Timestamp data for --skip-identical.  Delete at will.
C "--sc ../src_v/riscv_tcm_top --Mdir verilated -I./../src_v -I../../core/riscv --pins-sc-uint --l2-name v --trace -Wno-fatal"
S      7148 2986605020  1789139257   479397341  1789139257   479397341 "../../core/riscv/riscv_alu.v"
S     22201 2986605028  1789139257   479397341  1789139257   479397341 "../../core/riscv/riscv_core.v"
S     12723 2986605024  1789139257   479397341  1789139257   479397341 "../../core/riscv/riscv_csr.v"
S     22789 2986605031  1789139257   479397341  1789139257   479397341 "../../core/riscv/riscv_csr_regfile.v"
S      6185 2986605025  1789139257   479397341  1789139257   479397341 "../../core/riscv/riscv_decode.v"
S     14964 2986605033  1789139257   479397341  1789139257   479397341 "../../core/riscv/riscv_decoder.v"
S     16710 2986605026  1789139257   479397341  1788962711   424795462 "../../core/riscv/riscv_defs.v"
S      6141 2986605021  1789139257   479397341  1789139257   479397341 "../../core/riscv/riscv_divider.v"
S     14527 2986605022  1789139257   483397228  1789139257   483397228 "../../core/riscv/riscv_exec.v"
S      8412 2986605036  1789139257   483397228  1789139257   483397228 "../../core/riscv/riscv_fetch.v"
S     20569 2986605035  1789139257   483397228  1789139257   483397228 "../../core/riscv/riscv_issue.v"
S     18785 2986605030  1789139257   483397228  1789139257   483397228 "../../core/riscv/riscv_lsu.v"
S     20844 2986605034  1789139257   483397228  1789139257   483397228 "../../core/riscv/riscv_mmu.v"
S      5438 2986605032  1789139257   483397228  1789139257   483397228 "../../core/riscv/riscv_multiplier.v"
S     15768 2986605029  1789139257   483397228  1789139257   483397228 "../../core/riscv/riscv_pipe_ctrl.v"
S     15006 2986605023  1789139257   483397228  1789139257   483397228 "../../core/riscv/riscv_regfile.v"
S     13026 2986605027  1789139257   479397341  1788962711   424795462 "../../core/riscv/riscv_trace_sim.v"
S      5808 2986605037  1789139257   483397228  1789139257   483397228 "../../core/riscv/riscv_xilinx_2r1w.v"
S     12211 65103517254  1789139257   483397228  1789139257   483397228 "../src_v/../src_v/riscv_tcm_top.v"
S      9905 65103517252  1789139257   483397228  1789139257   483397228 "../src_v/dport_axi.v"
S      6844 65103517249  1789139257   483397228  1789139257   483397228 "../src_v/dport_mux.v"
S      9238 65103517251  1789139257   483397228  1789139257   483397228 "../src_v/tcm_mem.v"
S     13516 65103517250  1789139257   483397228  1789139257   483397228 "../src_v/tcm_mem_pmem.v"
S      3703 65103517253  1789139257   483397228  1789139257   483397228 "../src_v/tcm_mem_ram.v"
S   7892640 17398808265  1788961900   572140275  1598506306           0 "/home/jwangjw/project_3rd/ICLR-RTL-BenchLS/scope2/task2_3_specification_round_trip/results/qualification_172_20260909_v1/next21_v1/ultraembedded/verilator4/usr/share/verilator/bin/verilator_bin"
T     16366 8785133409  1789139260   491311871  1789139260   491311871 "verilated/Vriscv_tcm_top.cpp"
T      7333 8785133407  1789139260   491311871  1789139260   491311871 "verilated/Vriscv_tcm_top.h"
T      1963 8785133435  1789139260   523310963  1789139260   523310963 "verilated/Vriscv_tcm_top.mk"
T       699 8785133404  1789139260   483312098  1789139260   483312098 "verilated/Vriscv_tcm_top__Dpi.cpp"
T       437 8785133403  1789139260   483312098  1789139260   483312098 "verilated/Vriscv_tcm_top__Dpi.h"
T     11274 8785133408  1789139260   491311871  1789139260   491311871 "verilated/Vriscv_tcm_top__Slow.cpp"
T      2801 8785133401  1789139260   483312098  1789139260   483312098 "verilated/Vriscv_tcm_top__Syms.cpp"
T      1999 8785133402  1789139260   483312098  1789139260   483312098 "verilated/Vriscv_tcm_top__Syms.h"
T     89381 8785133406  1789139260   491311871  1789139260   491311871 "verilated/Vriscv_tcm_top__Trace.cpp"
T    202363 8785133405  1789139260   487311985  1789139260   487311985 "verilated/Vriscv_tcm_top__Trace__Slow.cpp"
T      2597 8785133436  1789139260   523310963  1789139260   523310963 "verilated/Vriscv_tcm_top__ver.d"
T         0        0  1789139260   523310963  1789139260   523310963 "verilated/Vriscv_tcm_top__verFiles.dat"
T      2287 8785133434  1789139260   523310963  1789139260   523310963 "verilated/Vriscv_tcm_top_classes.mk"
T    162892 8785133415  1789139260   499311644  1789139260   499311644 "verilated/Vriscv_tcm_top_riscv_core__M0_MBffffffff.cpp"
T     11531 8785133413  1789139260   491311871  1789139260   491311871 "verilated/Vriscv_tcm_top_riscv_core__M0_MBffffffff.h"
T    132362 8785133414  1789139260   495311758  1789139260   495311758 "verilated/Vriscv_tcm_top_riscv_core__M0_MBffffffff__Slow.cpp"
T     13892 8785133421  1789139260   499311644  1789139260   499311644 "verilated/Vriscv_tcm_top_riscv_csr__SB0.cpp"
T      4386 8785133419  1789139260   499311644  1789139260   499311644 "verilated/Vriscv_tcm_top_riscv_csr__SB0.h"
T     10096 8785133420  1789139260   499311644  1789139260   499311644 "verilated/Vriscv_tcm_top_riscv_csr__SB0__Slow.cpp"
T    126820 8785133430  1789139260   523310963  1789139260   523310963 "verilated/Vriscv_tcm_top_riscv_csr_regfile.cpp"
T      4644 8785133428  1789139260   519311077  1789139260   519311077 "verilated/Vriscv_tcm_top_riscv_csr_regfile.h"
T    121925 8785133429  1789139260   519311077  1789139260   519311077 "verilated/Vriscv_tcm_top_riscv_csr_regfile__Slow.cpp"
T    461458 8785133424  1789139260   519311077  1789139260   519311077 "verilated/Vriscv_tcm_top_riscv_issue.cpp"
T     12361 8785133422  1789139260   503311531  1789139260   503311531 "verilated/Vriscv_tcm_top_riscv_issue.h"
T    432154 8785133423  1789139260   511311304  1789139260   511311304 "verilated/Vriscv_tcm_top_riscv_issue__Slow.cpp"
T     34567 8785133433  1789139260   523310963  1789139260   523310963 "verilated/Vriscv_tcm_top_riscv_regfile.cpp"
T      3406 8785133431  1789139260   523310963  1789139260   523310963 "verilated/Vriscv_tcm_top_riscv_regfile.h"
T      3102 8785133432  1789139260   523310963  1789139260   523310963 "verilated/Vriscv_tcm_top_riscv_regfile__Slow.cpp"
T     23095 8785133412  1789139260   491311871  1789139260   491311871 "verilated/Vriscv_tcm_top_riscv_tcm_top.cpp"
T      5429 8785133410  1789139260   491311871  1789139260   491311871 "verilated/Vriscv_tcm_top_riscv_tcm_top.h"
T     16266 8785133411  1789139260   491311871  1789139260   491311871 "verilated/Vriscv_tcm_top_riscv_tcm_top__Slow.cpp"
T     32856 8785133418  1789139260   499311644  1789139260   499311644 "verilated/Vriscv_tcm_top_tcm_mem.cpp"
T      5441 8785133416  1789139260   499311644  1789139260   499311644 "verilated/Vriscv_tcm_top_tcm_mem.h"
T     13661 8785133417  1789139260   499311644  1789139260   499311644 "verilated/Vriscv_tcm_top_tcm_mem__Slow.cpp"
T      5945 8785133427  1789139260   519311077  1789139260   519311077 "verilated/Vriscv_tcm_top_tcm_mem_ram.cpp"
T      1739 8785133425  1789139260   519311077  1789139260   519311077 "verilated/Vriscv_tcm_top_tcm_mem_ram.h"
T      1529 8785133426  1789139260   519311077  1789139260   519311077 "verilated/Vriscv_tcm_top_tcm_mem_ram__Slow.cpp"
