

DATA MEMORY
+----------------+
| Addr | Data     |
+----------------+
| 0    | 0        |
| 1    | 1        |
| 2    | 2        |
| 3    | 3        |
| 4    | 4        |
| 5    | 5        |
| 6    | 6        |
| 7    | 7        |
| 8    | 0        |
| 9    | 1        |
| 10   | 2        |
| 11   | 3        |
| 12   | 4        |
| 13   | 5        |
| 14   | 6        |
| 15   | 7        |
| 16   | 0        |
| 17   | 0        |
| 18   | 0        |
| 19   | 0        |
| 20   | 0        |
| 21   | 0        |
| 22   | 0        |
| 23   | 0        |
+----------------+
Completed in 178 cycles


DATA MEMORY
+----------------+
| Addr | Data     |
+----------------+
| 0    | 0        |
| 1    | 1        |
| 2    | 2        |
| 3    | 3        |
| 4    | 4        |
| 5    | 5        |
| 6    | 6        |
| 7    | 7        |
| 8    | 0        |
| 9    | 1        |
| 10   | 2        |
| 11   | 3        |
| 12   | 4        |
| 13   | 5        |
| 14   | 6        |
| 15   | 7        |
| 16   | 1        |
| 17   | 3        |
| 18   | 5        |
| 19   | 7        |
| 20   | 9        |
| 21   | 11       |
| 22   | 13       |
| 23   | 15       |
+----------------+
